^a#^7p^au^7rans^a.^7only\etl_sp_delivery\legacy3\1\1\1\12:00\12:00
430E79FE\^xripazha ^7antii^x'\0\1\150997045 0 10 0 0 0 16 31 2 0 2 155 473 15 1 15 19 28 3 9 1 5 6 1 0 0 0 0 0 1 0 3 3 0 0 0 	3811	2834	262	36	7	4	1	0	80.7	128	5	3	10	1	3	0	0	0	0	1	551	0.0	12.0	0.0	60.5	7.3	1.9	9	123	2	0	0	0	0	6	0	0	3
7869361E\^5ripaZha ^7zubl1k\0\1\150997045 0 3 0 0 0 14 25 0 0 1 134 330 12 0 11 23 78 4 12 3 7 12 3 0 0 0 0 0 1 0 7 8 0 0 0 	3876	3277	135	131	10	3	2	0	73.6	127	3	4	5	3	4	0	0	0	0	1	456	0.0	12.0	0.0	316.8	38.0	1.5	9	144	2	0	0	0	0	2	0	0	7
EDBB5DA9\^6slomix.^2SuperBoyy\0\2\150997051 0 1 0 0 0 0 3 0 0 0 0 3 0 0 0 10 21 2 14 1 109 312 13 3 13 0 3 0 3 0 27 53 8 0 2 8 8 0 0 0 	3549	4027	18	158	7	4	0	0	76.3	121	4	6	2	1	5	0	0	0	0	2	404	0.0	12.0	0.0	59.1	7.1	1.2	11	326	1	0	0	0	0	3	0	0	8
2237B50F\^Nripazha ^7dAFF\0\1\150997044 5 13 1 0 1 144 314 19 2 25 6 19 0 9 0 5 6 2 1 0 0 0 0 1 0 6 6 0 0 0 	3802	2852	72	72	2	6	0	0	80.8	151	4	4	3	1	7	0	0	0	0	2	358	0.0	12.0	0.0	58.9	7.1	1.7	9	169	3	0	0	0	0	7	0	0	6
7B84BE88\^gslomix.^7endekk^g\0\2\134219834 0 1 0 0 0 1 7 0 0 0 0 0 0 15 0 91 250 10 0 17 5 6 1 2 0 9 10 0 0 0 	2370	3468	0	18	1	4	0	0	76.6	132	0	5	6	1	4	0	0	0	0	6	274	0.0	12.0	0.0	58.0	7.0	0.6	2	94	1	0	0	0	0	7	0	0	9
94F16E69\^zripaZha^7 tokYo\0\1\150997045 0 4 0 0 0 3 23 0 0 0 190 543 28 0 37 15 48 1 14 3 3 9 0 0 0 0 0 0 1 0 1 1 0 0 0 	4369	3535	61	294	8	5	1	0	75.3	154	5	3	13	1	13	0	0	0	0	4	628	0.0	12.0	3.1	76.7	9.2	1.9	16	364	3	0	0	0	0	7	0	0	1
C74FB315\^1slomix.^7Imbecil\0\2\134219832 0 3 0 0 0 5 22 1 16 1 79 264 5 1 12 0 2 0 2 0 6 7 0 0 0 	1738	3314	64	18	4	0	1	0	72.5	68	0	9	2	0	4	0	0	0	0	4	298	0.0	9.3	0.0	69.2	6.4	0.3	4	66	0	0	0	0	0	2	0	0	6
58B93231\^2ripaZha ^7sNozji^0.\0\1\16844853 0 3 0 0 0 2 3 0 0 2 115 338 14 1 19 0 0 0 11 0 20 20 6 0 0 0 1 0 0 0 0 0 0 4 0 	3451	1974	140	137	12	4	1	0	86.8	135	3	3	6	2	6	0	0	0	0	9	365	0.0	12.0	0.0	38.6	4.6	1.3	13	322	3	1	0	0	0	2	0	0	0
5D989160\^1slomix^7.olz\0\2\134236212 0 0 0 2 0 6 24 1 22 2 152 390 10 2 16 3 5 0 3 0 0 1 0 0 0 1 1 0 0 0 	3391	4475	144	28	8	5	1	0	68.0	60	0	7	6	1	3	0	0	0	0	12	421	0.0	12.0	0.0	302.7	36.4	0.4	6	157	0	0	0	0	0	0	1	0	1
0A26D447\^1slomix.^7carniee\0\2\134236216 2 6 0 0 0 7 24 0 19 1 148 431 17 2 21 2 5 0 2 0 0 3 0 0 0 3 4 0 0 0 	3226	3522	32	36	12	3	1	0	70.5	123	5	4	6	1	5	0	0	1	0	5	473	0.0	12.0	0.0	270.7	32.5	0.7	9	170	0	0	0	0	0	3	0	1	3
