^a#^7p^au^7rans^a.^7only\etl_adlernest\legacy6\2\1\1\10:00\10:00
58B93231\^2ripaZha ^7sNozji^0.\2\1\17828668 18 48 1 2 2 40 74 3 3 6 0 0 0 9 0 14 42 0 8 3 5 3 3 0 0 10 10 7 0 0 12 18 3 0 0 142 521 13 0 0 0 0 0 1 0 	6208	3176	18	174	14	8	0	0	86.3	103	4	5	9	1	0	0	0	0	0	0	716	0.0	20.0	0.0	7.6	1.5	1.3	9	157	3	0	0	0	0	4	0	0	0
2237B50F\^Nripazha ^7dAFF\2\1\222709817 0 2 0 0 0 9 18 1 0 1 96 284 11 15 20 7 23 1 12 2 1 12 0 2 0 0 1 0 0 0 0 1 0 0 0 16 29 9 0 0 13 46 2 0 1 0 0 0 1 0 23 46 3 0 1 1 1 0 0 0 	4597	4555	91	241	3	8	0	1	73.5	87	0	3	5	1	6	0	0	0	0	0	463	0.0	20.0	0.0	35.8	7.2	0.9	11	114	1	0	0	0	0	2	0	0	1
5D989160\^1slomix^7.olz\2\2\143936060 3 5 0 0 0 0 4 0 1 0 124 354 16 6 10 87 277 9 9 9 0 0 0 3 0 13 15 0 3 0 0 1 0 0 0 0 0 0 2 0 0 0 0 4 0 0 0 0 2 0 6 7 0 0 0 	4522	7044	199	87	6	13	1	0	74.6	50	0	8	2	0	1	0	0	0	0	0	663	0.0	20.0	0.0	22.8	4.6	0.8	3	76	0	0	0	0	0	5	0	0	3
94F16E69\ripaZha eLx\2\1\159385661 0 5 0 0 0 4 8 1 1 1 9 20 0 0 2 147 418 17 12 27 148 398 12 13 13 5 23 2 3 0 0 0 0 1 0 0 0 0 2 0 5 7 0 0 0 	6298	6859	223	179	3	9	1	1	78.3	111	3	3	9	1	6	0	0	0	0	1	879	0.0	20.0	0.0	26.2	5.2	1.0	9	144	0	0	0	0	0	6	0	0	0
C74FB315\^1slomix.^7Imbecil\2\2\215223101 0 3 0 0 0 1 4 1 0 1 3 7 0 1 0 31 118 4 13 3 57 273 6 6 8 0 0 0 1 0 0 0 0 3 0 4 3 1 3 0 2 9 0 5 0 5 29 0 4 0 6 13 1 1 1 5 8 1 1 0 0 0 0 1 0 5 7 0 0 0 	2723	6051	87	86	3	1	1	1	63.7	44	0	9	4	1	2	0	0	0	0	3	474	0.0	20.0	0.0	29.6	5.9	0.4	3	57	0	0	0	0	0	4	0	0	4
430E79FE\^xripazha ^7antii^x'\2\1\138430526 0 21 0 0 0 3 13 0 0 0 6 17 1 0 0 124 488 18 15 19 99 319 8 8 9 13 26 6 3 0 0 1 0 0 0 0 0 0 1 0 2 2 0 0 0 	5424	4662	291	135	11	11	1	0	79.2	119	3	3	8	5	8	0	0	0	1	0	887	0.0	20.0	0.0	17.8	3.6	1.2	8	202	1	0	0	0	0	11	0	0	0
7B84BE88\^gslomix.^7endekk^g\2\2\211045180 1 1 0 0 1 17 34 2 1 4 71 161 16 6 17 67 200 9 3 13 0 0 0 1 0 0 0 0 1 0 7 11 3 4 0 0 2 0 0 0 0 0 0 1 0 0 0 0 4 0 0 0 0 2 0 2 4 0 1 0 6 6 0 0 0 	3898	3871	62	125	8	7	0	0	76.1	80	0	6	4	0	4	0	0	2	0	4	419	0.0	20.0	0.0	22.3	4.5	1.3	5	141	0	0	0	0	0	2	0	1	1
7869361E\^5ripaZha ^7zubl1k\2\1\142870591 0 5 0 0 0 0 7 0 0 0 9 18 0 1 0 1 6 0 1 0 0 0 0 11 0 130 359 12 10 19 7 31 2 0 0 19 35 6 0 0 31 68 8 0 4 6 6 0 0 0 	5394	4695	248	142	9	12	3	0	77.7	74	3	3	6	2	1	0	0	0	0	0	535	0.0	20.0	0.0	23.8	4.8	1.2	4	108	1	0	0	0	0	7	0	0	0
EDBB5DA9\^6slomix.^2SuperBoyy\2\2\231999549 0 4 0 0 0 20 40 2 1 1 1 3 0 1 0 136 291 15 11 16 106 258 10 7 6 11 9 3 1 0 0 0 0 4 0 0 0 0 1 0 0 0 0 1 0 0 0 0 3 0 15 42 4 0 2 0 0 0 1 0 2 2 0 0 0 	6270	5899	68	80	10	3	0	0	77.1	64	0	3	3	2	3	0	0	0	0	2	649	0.0	20.0	0.0	25.7	5.1	1.1	3	81	0	0	0	0	0	4	0	0	2
0A26D447\^1slomix.^7carniee\2\2\134482748 9 29 1 1 1 17 32 2 1 3 146 423 11 10 17 128 395 17 8 25 0 1 0 1 0 0 1 0 0 0 9 12 1 2 0 0 0 0 3 0 5 6 0 0 0 	6534	5056	18	56	8	15	0	0	79.6	93	3	4	6	1	4	0	0	0	0	2	899	0.0	20.0	0.0	18.0	3.6	1.2	7	200	2	0	0	0	0	5	0	0	1
