^a#^7p^au^7rans^a.^7only\supply\legacy3\1\1\2\12:00\9:13
EDBB5DA9\^6slomix.^2SuperBoyy\1\1\134268981 0 2 0 0 0 4 8 0 0 0 114 300 15 3 12 3 5 1 11 2 9 15 3 0 0 0 1 0 0 0 0 0 0 1 0 5 5 0 0 0 	3039	3125	205	49	10	3	2	1	81.7	110	3	4	4	3	4	0	0	0	0	3	336	0.0	9.2	0.0	33.6	3.1	1.3	8	152	1	0	0	0	0	8	0	1	5
58B93231\^2ripaZha ^7sNozji^0.\1\2\134252600 7 13 1 0 2 21 60 3 12 3 95 245 11 0 16 5 9 3 0 0 2 1 2 0 0 6 8 0 0 0 	3074	2666	158	279	12	1	1	1	81.6	119	4	0	5	3	6	0	0	0	0	2	336	0.0	9.2	0.0	39.5	3.6	1.7	9	263	2	0	0	0	0	3	0	0	6
94F16E69\^zripaZha^7 tokYo\1\2\134219835 0 1 0 0 0 0 2 0 0 0 7 16 0 0 0 42 93 4 12 3 93 285 8 0 14 3 11 2 2 0 3 3 0 0 0 	2911	2770	175	78	3	4	0	0	74.3	94	4	4	9	0	2	0	0	0	0	3	411	0.0	9.2	0.0	61.3	5.7	1.0	4	109	2	0	0	0	0	7	0	0	3
0A26D447\^1slomix.^7carniee\1\1\134318132 3 8 1 0 1 143 403 18 2 22 0 0 0 13 0 4 7 1 2 0 0 2 0 1 0 2 3 0 0 0 1 1 0 0 0 	3283	2353	115	111	3	2	1	0	62.4	89	3	3	3	2	4	0	0	0	0	7	424	0.0	9.2	0.0	101.4	9.4	1.1	9	147	3	0	0	0	0	3	0	0	1
430E79FE\^xripazha ^7antii^x'\1\2\51248 0 0 0 12 0 74 269 9 0 7 1 9 0 1 0 0 5 0 0 0 1 1 1 0 0 	1531	1678	168	31	4	4	0	0	76.7	84	0	3	2	1	1	0	0	4	0	6	284	0.0	9.2	0.0	61.9	5.7	0.8	4	72	0	0	0	0	0	4	0	1	0
5D989160\^1slomix^7.olz\1\1\134219901 0 7 0 0 0 5 13 0 0 0 0 0 0 1 0 118 284 11 2 17 1 3 0 9 0 0 0 0 1 0 3 9 1 0 0 8 8 0 0 0 	2624	2747	36	0	3	5	0	1	78.3	95	0	4	6	2	4	0	0	0	0	2	324	0.0	9.2	0.0	47.3	4.4	0.9	6	101	0	0	0	0	0	1	0	0	8
7869361E\^5ripaZha ^7zubl1k\1\2\134219903 0 1 0 0 0 0 7 0 0 0 0 0 0 1 0 25 46 1 0 1 22 54 3 10 5 115 284 10 1 22 6 11 1 0 2 0 4 0 3 0 4 5 0 0 0 	3221	3042	18	0	6	3	0	0	78.8	89	3	4	5	0	5	0	0	0	0	3	412	0.0	9.2	0.0	51.0	4.7	1.0	5	119	0	0	0	0	0	4	0	0	4
2237B50F\^Nripazha ^7dAFF\1\2\134367355 0 1 0 0 0 0 2 0 0 0 2 6 0 0 0 6 14 0 14 1 124 392 17 0 25 5 11 1 0 1 1 6 0 0 0 0 2 0 0 0 0 1 0 0 0 4 6 0 0 0 	2804	2269	202	333	4	4	2	1	83.4	137	3	3	8	3	8	0	0	2	0	3	441	0.0	9.2	0.0	31.4	2.9	1.3	8	164	3	0	0	0	0	5	0	1	4
7B84BE88\^gslomix.^7endekk^g\1\1\134219832 0 0 0 1 0 100 271 7 2 12 0 0 0 12 0 3 16 1 0 0 2 2 0 0 0 	1930	2478	89	187	1	3	1	1	73.6	64	0	9	5	0	4	0	0	0	1	2	289	0.0	9.2	0.0	55.6	5.1	0.5	3	43	0	0	0	0	0	2	0	1	2
C74FB315\^1slomix.^7Imbecil\1\1\134252661 0 8 0 0 0 2 8 0 0 0 71 198 9 1 8 5 5 0 10 1 0 0 0 1 0 2 5 0 3 0 0 0 0 1 0 1 3 0 0 0 	1549	2838	22	120	3	0	1	0	63.6	45	0	4	4	4	0	0	0	0	0	3	227	0.0	9.2	0.0	96.9	8.9	0.6	5	93	0	0	0	0	0	2	0	0	1
