^a#^7p^au^7rans^a.^7only\sw_goldrush_te\legacy3\1\1\2\12:00\11:08
2237B50F\^Nripazha ^7dAFF\0\2\134219836 0 0 0 1 0 8 18 1 0 0 0 0 0 15 0 114 310 7 3 7 2 4 0 0 0 7 7 0 0 0 	2362	3050	54	76	1	1	0	0	71.9	100	0	5	11	1	2	0	0	0	0	4	339	0.0	11.1	0.0	57.7	6.4	0.4	3	81	1	0	0	0	0	4	0	0	7
EDBB5DA9\^6slomix.^2SuperBoyy\0\1\135301181 0 6 0 0 0 5 15 1 0 1 0 0 0 1 0 174 429 20 0 14 0 0 0 13 0 9 15 3 0 0 0 0 0 1 0 0 0 0 1 0 3 3 0 0 0 	4001	3213	90	0	8	5	0	1	73.0	156	4	0	8	1	5	0	0	0	0	1	468	0.0	11.1	0.0	67.7	7.5	1.5	12	185	1	0	0	0	0	3	0	1	3
5D989160\^1slomix^7.olz\0\1\134318133 0 2 0 0 0 8 16 1 0 2 122 361 18 3 16 15 34 2 12 3 4 9 1 0 0 1 5 0 1 0 0 1 0 0 0 3 3 0 0 0 	3004	3228	79	193	4	7	1	0	69.1	166	3	4	5	5	6	0	0	0	0	5	431	0.0	11.1	0.0	82.9	9.2	1.4	8	162	0	0	0	0	0	11	0	0	3
94F16E69\^zripaZha^7 tokYo\0\2\134252604 0 0 0 1 0 11 22 1 0 0 4 14 0 19 2 133 369 15 0 14 3 10 1 0 0 4 4 2 0 0 4 4 0 0 0 	3280	3127	156	212	2	2	1	1	71.4	118	3	3	5	2	7	0	0	0	0	5	423	0.0	11.1	0.0	56.6	6.3	1.0	12	218	0	0	0	0	0	1	0	0	4
7869361E\^5ripaZha ^7zubl1k\0\2\134285371 0 1 0 0 0 0 4 0 0 0 4 18 0 0 0 48 148 11 13 7 132 349 14 1 14 1 6 0 0 0 0 0 0 1 0 6 6 0 0 0 	3607	3313	36	133	11	3	0	0	77.5	131	4	3	5	5	5	0	0	0	0	3	532	0.0	11.1	0.0	42.8	4.8	1.7	11	297	1	2	0	0	0	4	0	0	6
58B93231\^2ripaZha ^7sNozji^0.\0\2\134318136 1 9 0 0 0 12 24 1 12 2 127 312 13 3 13 8 11 2 0 0 1 5 1 0 0 4 2 2 0 0 2 2 0 0 0 	3737	2330	289	120	10	4	2	1	78.8	109	0	3	4	1	4	0	0	0	0	3	365	0.0	11.1	0.0	43.7	4.9	1.3	9	279	2	0	0	0	0	1	0	0	2
430E79FE\^xripazha ^7antii^x'\0\2\135284798 0 1 0 0 0 0 0 0 2 0 8 24 0 0 1 0 0 0 15 0 107 371 14 0 16 3 9 0 5 0 1 1 0 0 0 9 36 2 0 0 3 4 0 0 0 	2862	2809	70	64	11	1	1	0	80.9	163	4	4	3	3	3	0	0	1	0	7	446	0.0	11.1	0.0	33.8	3.8	0.7	7	182	1	0	0	0	0	4	0	6	3
7B84BE88\^gslomix.^7endekk^g\0\1\201394237 0 2 0 0 0 7 10 2 0 1 0 0 0 1 0 85 209 9 3 11 47 93 5 15 3 2 5 1 0 0 0 0 0 1 0 3 4 0 0 1 1 1 0 0 0 	2977	3220	59	0	1	1	1	0	58.7	90	6	6	4	1	4	0	0	0	0	5	324	0.0	11.1	0.0	109.7	12.2	0.9	10	115	0	0	0	0	0	3	0	0	1
0A26D447\^1slomix.^7carniee\0\1\134318132 2 8 0 0 0 140 449 17 3 21 0 0 0 13 0 1 9 0 1 0 0 0 0 1 0 2 5 1 0 0 3 3 0 0 0 	3010	2824	180	36	5	4	2	0	73.5	94	4	6	7	2	7	0	0	0	0	1	474	0.0	11.1	0.0	60.7	6.8	1.0	9	170	1	0	0	0	0	5	0	0	3
C74FB315\^1slomix.^7Imbecil\0\1\135333941 0 4 0 0 0 2 5 0 0 0 71 262 10 3 10 9 21 0 10 1 0 4 0 2 0 0 0 0 1 0 0 0 0 1 0 4 4 0 0 0 	1637	3363	18	197	3	1	0	0	59.8	82	3	7	4	2	3	0	0	0	0	2	300	0.0	11.1	0.0	113.1	12.6	0.6	5	81	0	0	0	0	0	2	0	0	4
