^a#^7p^au^7rans^a.^7only\supply\legacy3\2\1\1\9:13\9:13
C74FB315\^1slomix.^7Imbecil\2\2\134334581 0 8 0 0 0 2 8 0 3 0 71 198 9 14 8 54 240 3 13 9 0 0 0 1 0 5 16 3 5 0 1 3 1 0 0 0 0 0 2 0 0 0 0 2 0 1 3 0 0 0 	2905	5354	54	156	8	1	1	0	65.8	42	0	5	2	0	0	0	0	2	0	8	476	0.0	18.0	0.0	36.3	6.5	0.4	4	80	0	0	0	0	0	2	0	0	0
5D989160\^1slomix^7.olz\2\2\134252669 0 7 0 0 0 5 13 0 0 0 0 0 0 1 0 118 284 11 16 17 86 225 8 11 8 0 0 0 1 0 10 19 3 0 0 0 1 0 0 0 15 15 0 0 0 	4564	5710	72	186	5	10	0	1	76.2	60	0	8	1	3	0	0	0	0	0	1	564	0.0	18.0	0.0	32.8	5.9	0.8	4	90	0	0	0	0	0	1	0	0	7
2237B50F\^Nripazha ^7dAFF\2\1\134465659 0 1 0 0 0 0 2 0 0 0 2 6 0 0 0 86 260 13 14 17 124 392 17 9 25 5 11 1 0 1 4 10 1 3 0 0 2 0 1 0 1 1 1 0 0 3 1 3 0 0 0 1 0 0 0 7 9 0 0 0 	4968	4312	467	509	9	9	4	2	79.0	81	5	4	6	3	5	0	0	0	0	5	696	0.0	18.0	0.0	28.3	5.1	1.3	8	131	2	0	0	0	0	5	0	0	3
0A26D447\^1slomix.^7carniee\2\2\134334527 0 1 0 0 0 0 2 0 0 0 3 8 1 0 1 7 10 0 0 1 143 406 18 19 22 115 371 10 14 16 4 11 1 4 0 0 2 0 0 0 0 2 0 1 0 2 3 0 0 0 4 4 0 0 0 	5751	5322	169	111	6	10	1	0	67.2	66	0	5	3	1	4	0	0	1	0	6	820	0.0	18.0	0.0	30.9	5.6	0.8	2	38	1	0	0	0	0	3	0	0	3
7B84BE88\^gslomix.^7endekk^g\2\2\134285372 0 0 0 1 0 2 10 0 1 0 100 271 7 12 12 85 210 8 14 6 6 20 3 0 0 0 0 0 1 0 10 11 0 0 0 	3664	5506	89	255	2	9	1	1	71.8	69	0	5	0	0	1	0	0	0	0	4	522	0.0	18.0	0.0	37.3	6.7	0.6	4	106	0	0	0	0	0	0	2	0	8
94F16E69\^zripaZha^7 tokYo\2\1\134219839 0 4 0 0 0 0 2 0 0 0 15 37 2 0 1 7 16 0 0 0 150 416 19 12 24 144 409 13 7 20 6 19 3 3 0 6 6 0 0 0 	6587	5226	251	207	9	10	0	0	75.6	113	5	4	5	4	6	0	0	0	0	3	909	0.0	18.0	0.0	25.6	4.6	1.7	12	176	2	0	0	0	0	7	0	0	3
430E79FE\^xripazha ^7antii^x'\2\1\151046197 0 2 0 0 0 15 27 2 0 0 95 349 13 12 12 81 291 10 4 8 2 14 0 1 0 0 5 0 0 0 1 1 1 0 0 0 0 0 2 0 5 5 0 0 0 	3580	3516	186	31	10	10	0	0	83.6	107	3	4	8	4	3	0	0	0	0	0	694	0.0	18.0	0.0	8.1	1.5	1.4	5	119	1	0	0	0	0	6	0	1	5
7869361E\^5ripaZha ^7zubl1k\2\1\134219903 0 1 0 0 0 0 7 0 0 0 3 10 0 1 0 25 46 1 0 1 133 388 15 10 21 133 326 13 9 25 6 11 1 0 2 6 14 2 4 0 7 8 0 0 0 	6247	5194	36	224	7	10	0	0	76.7	94	4	3	8	1	4	0	0	0	0	2	811	0.0	18.0	0.0	28.1	5.1	1.3	8	134	3	0	0	0	0	6	0	1	3
58B93231\^2ripaZha ^7sNozji^0.\2\1\151095356 2 9 0 0 1 7 13 1 0 2 181 488 13 12 22 95 245 11 7 16 7 18 4 2 0 6 4 3 0 0 4 11 2 0 0 0 0 0 1 0 6 8 0 0 0 	6314	4251	369	338	18	7	3	2	82.5	74	0	4	12	1	5	0	0	0	0	4	796	0.0	18.0	0.0	14.9	2.7	1.5	6	124	1	0	0	0	0	6	0	0	0
EDBB5DA9\^6slomix.^2SuperBoyy\2\2\151111805 0 2 0 0 0 4 8 0 0 0 11 29 0 0 1 114 300 15 12 12 79 162 7 12 6 0 9 0 0 0 9 18 3 1 0 0 1 0 0 0 0 0 0 2 0 0 0 0 2 0 22 53 3 0 3 6 6 0 0 0 	5615	5804	373	49	11	7	2	1	77.4	43	0	4	3	0	0	0	0	0	0	0	588	0.0	18.0	0.0	35.9	6.5	1.0	3	94	1	0	0	0	0	1	0	0	1
