^a#^7p^au^7rans^a.^7only\etl_sp_delivery\legacy3\2\1\2\12:00\5:31
7869361E\^5ripaZha ^7zubl1k\1\2\150997055 0 1 0 0 0 0 5 0 0 0 14 25 0 0 1 4 13 0 0 2 134 330 12 3 11 84 234 12 12 16 7 14 3 2 0 6 8 1 1 0 12 15 0 0 0 	5575	4616	189	243	12	6	2	0	78.7	72	3	0	4	0	3	0	0	0	0	0	645	0.0	17.5	0.0	4.0	0.7	1.6	2	97	0	0	0	0	0	1	0	0	5
EDBB5DA9\^6slomix.^2SuperBoyy\1\1\184551487 0 2 0 0 0 0 3 0 0 0 12 23 0 0 1 0 3 0 1 0 62 131 9 14 8 109 312 13 10 13 3 9 1 3 0 27 53 8 1 2 7 11 4 0 1 8 8 0 0 0 	5484	5607	263	208	9	4	1	1	74.6	53	3	4	1	2	3	0	0	0	0	3	555	0.0	17.5	0.0	25.5	4.5	1.2	5	82	2	0	0	0	0	1	0	0	0
58B93231\^2ripaZha ^7sNozji^0.\1\2\16844863 0 2 0 0 0 0 5 0 0 0 2 3 0 0 2 4 5 0 0 1 115 338 14 4 19 38 83 7 11 5 24 25 7 0 0 0 1 0 0 0 6 8 3 4 1 	4958	2988	158	150	15	7	1	0	86.7	79	4	0	0	0	2	0	0	0	0	0	470	0.0	17.5	0.0	7.8	1.4	1.6	2	131	1	1	0	0	0	2	0	0	0
94F16E69\^zripaZha^7 tokYo\1\2\184551614 0 8 0 0 0 3 23 0 0 0 12 25 2 0 3 202 572 29 7 39 56 154 2 14 8 0 5 0 0 0 3 11 0 1 0 0 0 0 1 0 0 0 0 1 0 3 3 0 0 0 	5759	5253	119	294	14	6	1	0	77.9	42	0	4	4	0	0	0	0	0	0	2	801	0.0	17.5	0.0	7.2	1.3	1.4	3	74	0	0	0	0	0	1	0	0	2
5D989160\^1slomix^7.olz\1\1\134301756 0 0 0 2 0 0 0 0 2 0 81 185 7 22 10 158 405 10 9 17 5 8 2 3 0 0 1 0 0 0 0 1 0 0 0 2 3 0 0 0 	5111	6047	144	154	13	7	1	0	68.6	34	0	3	1	0	2	0	0	0	0	1	603	0.0	17.5	0.0	25.6	4.5	0.5	1	40	0	0	0	0	0	3	0	0	1
2237B50F\^Nripazha ^7dAFF\1\2\184551614 0 2 0 0 0 5 13 1 0 1 3 8 1 0 2 144 314 19 9 25 46 143 4 11 2 3 4 0 0 0 5 10 2 2 0 0 0 0 1 0 0 0 0 1 0 7 7 0 0 0 	4713	4325	139	166	2	9	1	0	80.8	39	3	9	2	2	1	0	0	0	0	3	501	0.0	17.5	0.0	10.5	1.8	1.1	1	51	1	0	0	0	0	0	0	1	1
430E79FE\^xripazha ^7antii^x'\1\2\184567871 0 9 0 0 0 0 6 0 0 0 16 31 2 0 2 8 16 1 0 2 156 497 15 9 15 93 238 12 9 13 5 6 1 0 0 0 1 0 0 0 0 0 0 1 0 0 0 0 2 0 3 3 0 0 0 	5486	4451	320	72	13	5	1	0	81.3	59	0	3	1	2	5	0	0	1	0	3	807	0.0	17.5	0.0	8.8	1.5	1.5	4	95	0	0	0	0	0	1	0	0	0
7B84BE88\^gslomix.^7endekk^g\1\1\150997051 0 4 0 0 0 0 1 0 0 0 1 7 0 1 0 37 102 4 16 9 93 258 10 3 17 6 9 2 2 0 0 0 0 1 0 13 15 0 0 0 	3388	4659	36	95	5	5	0	0	75.6	78	0	3	4	0	1	0	0	0	0	1	396	0.0	17.5	0.0	22.3	3.9	0.7	4	37	0	0	0	0	0	1	0	0	4
C74FB315\^1slomix.^7Imbecil\1\1\150997049 0 6 0 0 0 0 3 0 0 0 39 133 6 16 7 88 280 7 7 14 2 4 0 2 0 0 0 0 1 0 7 8 0 0 0 	2808	4603	64	18	6	0	1	0	71.8	51	4	0	2	1	2	0	0	0	0	1	434	0.0	14.8	0.0	32.0	4.8	0.5	1	34	0	1	0	0	0	6	0	0	1
0A26D447\^1slomix.^7carniee\1\1\151013436 2 6 0 0 1 2 6 0 0 0 64 182 6 19 9 155 445 17 8 22 3 10 0 3 0 0 3 0 0 0 0 0 0 1 0 4 5 0 0 0 	4644	5072	64	96	15	3	2	0	69.5	30	0	0	2	1	3	0	0	0	0	1	657	0.0	17.5	0.0	35.0	6.1	0.7	3	50	0	0	0	0	0	1	0	0	1
