^a#^7p^au^7rans^a.^7only\etl_adlernest\legacy6\1\1\1\10:00\10:00
C74FB315\^1slomix.^7Imbecil\1\1\148113981 0 3 0 0 0 1 4 1 0 1 0 0 0 1 0 31 118 4 0 3 3 13 1 6 0 0 0 0 3 0 3 2 0 0 0 0 3 0 4 0 5 29 0 0 0 0 0 0 1 0 5 8 1 0 0 1 2 0 0 0 	1174	2409	18	36	3	0	0	1	58.2	56	0	6	4	0	3	0	0	0	0	4	182	0.0	10.0	0.0	117.0	11.7	0.5	3	68	0	0	0	0	0	4	0	0	1
430E79FE\^xripazha ^7antii^x'\1\2\134236218 0 21 0 0 0 6 17 1 0 0 0 0 0 15 0 99 319 8 1 9 0 4 0 2 0 0 1 0 0 0 2 2 0 0 0 	1904	2833	58	117	2	3	0	0	72.9	68	0	5	3	2	1	0	0	0	0	4	364	0.0	10.0	0.0	50.5	5.1	0.5	4	98	0	0	0	0	0	1	0	1	2
5D989160\^1slomix^7.olz\1\1\134498876 3 5 0 0 0 0 0 0 1 0 124 354 16 0 10 11 17 1 8 1 0 0 0 3 0 6 11 0 1 0 0 1 0 0 0 0 0 0 1 0 3 3 0 0 0 	2831	3379	72	0	3	10	0	0	75.0	88	3	6	5	2	1	0	0	0	0	4	391	0.0	10.0	0.0	63.6	6.4	1.2	3	102	1	0	0	0	0	8	0	0	3
7869361E\^5ripaZha ^7zubl1k\1\2\134219839 0 1 0 0 0 0 7 0 0 0 0 0 0 1 0 1 6 0 0 0 0 0 0 10 0 130 359 12 5 19 1 4 1 0 0 6 6 0 0 0 	2617	3195	156	58	3	5	3	0	75.2	75	0	5	8	1	3	0	0	0	0	2	383	0.0	10.0	0.0	43.0	4.3	0.8	2	115	1	0	0	0	0	3	1	0	6
94F16E69\ripaZha eLx\1\2\142608444 0 0 0 1 0 9 20 0 0 2 0 0 0 12 0 135 366 11 0 12 2 8 1 2 0 0 0 0 1 0 5 6 0 0 0 	2780	3558	187	73	2	6	1	1	80.7	86	0	3	4	0	1	0	0	0	0	4	400	0.0	10.0	0.0	33.3	3.3	0.8	5	95	1	0	0	0	0	3	0	0	5
7B84BE88\^gslomix.^7endekk^g\1\1\201591356 1 1 0 0 1 0 0 0 1 0 71 161 16 0 17 9 24 1 3 3 0 0 0 1 0 3 5 2 0 0 0 0 0 1 0 2 4 0 0 0 5 5 0 0 0 	2147	1322	44	36	2	3	0	0	75.7	158	7	0	3	1	5	0	0	0	0	0	200	0.0	10.0	0.0	73.9	7.4	3.2	7	128	3	0	0	0	0	7	1	0	5
58B93231\^2ripaZha ^7sNozji^0.\1\2\2620 0 0 0 2 0 40 74 3 0 6 0 0 0 9 0 14 42 0 2 3 10 10 7 0 0 4 4 0 0 0 	2414	1878	0	138	9	3	0	0	82.8	57	3	6	3	0	2	0	0	0	0	1	130	0.0	10.0	0.0	24.9	2.5	0.8	9	225	0	1	0	0	0	0	0	0	0
2237B50F\^Nripazha ^7dAFF\1\2\4474904 9 18 1 0 1 0 0 0 15 0 1 9 0 1 0 0 1 0 0 0 16 29 9 0 0 13 46 2 0 1 	2100	2083	91	106	3	5	0	0	76.0	50	0	5	4	1	0	0	0	1	0	2	103	0.0	10.0	0.0	42.7	4.3	0.8	10	181	1	0	0	0	0	0	1	0	0
0A26D447\^1slomix.^7carniee\1\1\134482236 9 29 1 0 1 0 0 0 1 0 129 384 10 0 13 0 0 0 7 0 0 1 0 0 0 9 10 1 1 0 0 0 0 1 0 4 4 0 0 0 	3184	2037	18	18	4	10	0	0	79.1	72	0	4	8	2	0	0	0	0	0	3	428	0.0	10.0	0.0	47.4	4.7	1.2	3	66	2	0	0	0	0	4	0	0	4
EDBB5DA9\^6slomix.^2SuperBoyy\1\1\4458557 0 4 0 0 0 20 40 2 0 1 0 0 0 1 0 136 291 15 0 16 34 63 5 7 1 9 5 2 0 0 0 0 0 2 0 0 0 0 1 0 	4211	2668	18	80	8	3	0	0	80.4	129	7	3	7	2	3	0	0	0	0	2	403	0.0	10.0	0.0	47.8	4.8	2.2	11	203	2	0	0	0	0	7	0	0	0
