^a#^7p^au^7rans^a.^7only\sw_goldrush_te\legacy3\2\1\1\11:08\11:08
5D989160\^1slomix^7.olz\1\2\135366719 0 1 0 0 0 0 5 0 0 0 8 16 1 0 2 2 10 0 0 1 131 376 19 16 16 133 354 12 15 14 4 16 1 1 0 1 5 0 1 0 0 1 0 0 0 2 14 0 0 0 7 8 0 0 0 	5538	6733	308	265	9	7	2	0	73.2	78	3	3	5	2	1	0	0	0	0	3	806	0.0	22.3	0.0	20.8	4.6	1.0	7	123	0	0	0	0	0	2	0	0	4
58B93231\^2ripaZha ^7sNozji^0.\1\1\134318141 0 5 0 0 0 18 38 3 0 3 1 9 0 1 0 176 422 25 13 26 157 375 16 11 18 11 21 3 0 0 1 5 1 0 0 4 2 2 0 0 3 3 0 0 0 	8105	5030	397	160	18	13	2	1	80.1	172	5	0	6	2	7	0	0	0	0	1	880	0.0	22.3	0.0	24.0	5.3	2.0	14	244	0	0	0	0	0	9	1	0	1
430E79FE\^xripazha ^7antii^x'\1\1\135448767 0 6 0 0 0 0 1 0 0 0 3 8 0 2 0 8 24 0 2 1 103 420 14 16 10 107 371 14 8 16 8 24 1 0 0 6 26 0 5 0 1 1 0 0 0 1 2 1 0 0 0 1 0 0 0 9 36 2 1 0 3 4 0 0 0 	5169	4712	524	288	27	8	4	1	76.0	120	3	0	7	3	5	0	0	0	0	2	924	0.0	22.3	0.0	35.7	8.0	0.9	8	130	0	0	0	0	0	4	1	1	0
94F16E69\^zripaZha^7 tokYo\1\1\135301181 0 2 0 0 0 18 42 1 1 0 11 22 1 1 0 164 436 13 20 21 134 383 15 7 14 7 19 2 1 0 4 4 2 0 0 2 12 0 0 0 7 7 0 0 0 	7063	6204	210	428	4	12	1	1	72.1	90	0	6	10	1	3	0	0	0	0	1	927	0.0	22.3	0.0	37.3	8.3	1.1	5	84	1	0	0	0	0	4	1	0	3
C74FB315\^1slomix.^7Imbecil\1\2\135333951 0 4 0 0 0 0 4 0 0 0 2 5 0 2 0 8 24 1 0 0 78 273 10 22 10 97 380 6 10 11 2 8 0 4 0 0 0 0 1 0 0 0 0 1 0 13 15 0 0 0 	3696	7008	188	305	6	2	0	0	65.9	71	0	11	4	0	2	0	0	0	0	4	713	0.0	22.3	0.0	25.1	5.6	0.4	4	82	0	0	0	0	0	2	0	0	9
7B84BE88\^gslomix.^7endekk^g\1\2\202459325 0 2 0 0 0 7 10 2 3 1 0 1 0 1 0 105 269 12 21 14 141 334 14 15 12 0 0 0 1 0 3 11 1 1 0 0 1 0 0 0 0 0 0 1 0 0 5 0 0 0 3 4 0 0 1 5 6 0 0 0 	5208	6589	95	247	12	2	1	0	67.3	117	6	5	4	3	4	0	0	1	0	9	643	0.0	22.3	0.0	19.9	4.4	0.7	6	163	2	0	0	0	0	1	0	2	4
0A26D447\^1slomix.^7carniee\1\2\134318206 0 6 0 0 0 2 8 0 1 0 3 15 0 0 2 143 455 17 19 21 140 387 10 15 17 4 5 0 0 1 3 14 1 1 0 0 2 0 2 0 2 5 1 1 0 8 9 0 0 0 	6205	6294	190	169	10	8	3	0	75.7	62	0	7	3	1	2	0	0	0	0	7	906	0.0	22.3	0.0	17.8	4.0	0.7	8	174	0	0	0	0	0	2	0	0	5
2237B50F\^Nripazha ^7dAFF\1\1\135366716 3 8 1 1 0 8 18 1 0 0 121 341 12 17 15 114 310 7 13 7 3 12 1 0 0 0 1 0 0 0 2 1 2 0 0 4 25 0 0 0 8 9 0 0 0 	4833	5293	242	215	5	6	2	1	72.8	90	3	3	6	0	3	0	0	0	0	2	725	0.0	22.3	0.0	33.1	7.4	0.8	7	122	1	0	0	0	0	5	1	0	1
7869361E\^5ripaZha ^7zubl1k\1\1\135333951 0 2 0 0 0 0 4 0 0 0 13 25 2 0 1 4 18 0 0 0 218 560 29 13 30 156 412 16 15 16 5 16 3 0 0 0 0 0 1 0 12 33 1 0 0 8 8 0 0 0 	8319	6035	94	376	19	7	0	0	70.9	156	4	3	14	1	8	0	0	0	0	1	1078	0.0	22.3	0.0	45.0	10.0	1.8	15	202	3	0	0	0	0	6	1	1	2
EDBB5DA9\^6slomix.^2SuperBoyy\1\2\135383101 0 6 0 0 0 5 15 1 1 1 5 12 3 1 0 190 456 21 15 15 110 335 12 13 15 9 18 3 2 0 0 1 0 0 0 0 0 0 1 0 0 0 0 1 0 7 7 1 2 0 10 11 0 0 0 	6627	6865	259	54	16	7	1	1	73.6	142	3	6	5	4	2	0	0	1	0	6	861	0.0	22.3	0.0	25.1	5.6	1.1	5	190	1	0	0	0	0	4	0	2	7
