>>> Map: etl_sp_delivery


Overall stats for: scpr (0 Rounds)

Weapon      Acrcy Hits/Shts Kills Deaths Headshots
--------------------------------------------------
MP 40     :  48.0   48/100      4      0         9
Thompson  :                     0      3         0
Syringe   : 100.0    1/1    

Damage Given:   1074     Team Damage Given:      0
Damage Recvd:    821     Team Damage Recvd:     18

Kills:    4   Team Kills:   0   Accuracy:    48.0%
Deaths:   3   Self Kills:   0   Headshots:   18.8%
Gibs:     0   Team Gibs:    0   Playtime:    70.5%
                  Assists:      2                          

Rank: Oberst (39049 XP)
Skill Rating: 22.72   (-0.01)
Prestige: 0

Skills         Level/Points
---------------------------
Battle Sense   4 (7812)    
Engineering    4 (1316)    
First Aid      4 (3933)    
Signals        4 (2796)    
Light Weapons  4 (22689)   
Heavy Weapons  4 (186)     
Covert Ops     4 (317)     

GUID      TEAM       Player          TmX TmL TmP Kll Ast Dth Gib  SK  TK  TG Eff    DG    DR  TDG  TDR  Score  Rating  Delta
----------------------------------------------------------------------------------------------------------------------------
51D36FC9* Axis       Danimal           9   0  76  18  12  11   5   0   0   0  62  3331  2815  324  377    193   39.40  -0.03
2FA5D281* Axis       Aimerz+ scow lo   8   0  65  29   9  22   0   0   1   0  56  4514  3516  382  452    143   18.33  -0.03
C8D578CB* Axis       Fluke             9   0  86  14   5  11   7   0   1   0  56  2286  3091  123   72    139   22.38  -0.03
522046C2* Axis       Etijom            9   0  74  30   7  21  21   2   1   5  58  4956  3271  311  283    132   31.32  -0.03
90C8F583* Axis       Nanaa             9   0  62  12   8  16   1   0   2   0  42  2118  3464  226  275    132   26.68  -0.03
AAEBDA7D* Axis       VICTORIOUS.outr   9   0  71  29   7  22  14   3   3   1  56  5364  3537  476  334    115   15.93  -0.03
ECD63D5F* Axis         .my teammate?   9   0  82  14   8  11   7   0   3   2  56  2452  1857  357  302    114   20.05  -0.03
C44680C2* Axis       obbobbob          9   0  79   4   5  15   2   0   0   0  21  1004  2475  195  288    109   25.10  -0.03
310C8BEE* Axis       VICTORIOUS.noAz   9   0  67  36   3  22   5   7   3   7  62  5302  3463  701  452    109   21.49  -0.04
C1DC34A5* Axis       BiO!!!            9   0  61  21   8  23   6   0   1   0  47  4048  4088  267  583    107   24.55  -0.03
4882CBE6* Axis       clov              5   4  77  14  12  12   4   0   2   0  53  2388  1914  357  250    102   18.14  -0.00
6598553A* Axis       Ezio              9   0  64  15   6  13   4   0   0   0  53  2880  2727   18  446    101   19.06  -0.03
5E68BFF9* Axis       wafelki           9   0  81  21   5  12   9   2   7   4  63  4557  2237  455  160     99   17.86  -0.03
6B23FE44* Axis       drunkman          9   0  61  19   3  20   0   0   0   1  48  3708  3091  112  280     87   26.13  -0.03
5A94AAEB* Axis       SpaceFrog         9   0  82   2   5  11   1   0   0   0  15  1069  2132  124   36     82   15.66  -0.03
B00F82D7* Axis       danny             9   0  69  11  12  13   3   0   2   2  45  1811  2807  406  237     82    5.55  -0.10
AD4BC54C* Axis       Kassa_Seta        9   0  69  13   6  19   3   0   2   1  40  2238  2956  721  179     80   -0.02  -0.19
0DD7BE35* Axis       Wolperdinger      9   0  73   5   3  15   1   0   0   0  25   602  2572   90   54     78   12.02  -0.03
8F84C67C* Axis       BombVoyage        4   0  63   5   3   7   2   1   1   2  41   832   926   69  415     74   11.30  -0.01
D8A53E9C* Axis       /// MOCO          8   0  71  10   2  13   5   1   1   2  43  1555  2261  227  124     52    5.07  -0.02
56482B94* Axis       Kanedaaa          9   0  46  10  12  24   4   1   9   0  29  3923  3154  486  604     46   18.45  -0.03
D8423F90* Axis       scpr              2   0  70   4   2   3   0   0   0   0  57  1074   821    0   18     27   22.72  -0.01
D9C9F4F1* Axis       <=TM=>meanmachi   1   2  69   2   2   8   1   0   0   0  20   404  1154    0   54      9   21.90  +0.00
----------------------------------------------------------------------------------------------------------------------------
          Axis       Totals          196   6  71 338 145 344 105  17  39  27  49 62416 60329 6427 6275   2212

GUID      TEAM       Player          TmX TmL TmP Kll Ast Dth Gib  SK  TK  TG Eff    DG    DR  TDG  TDR  Score  Rating  Delta
----------------------------------------------------------------------------------------------------------------------------
0AE21C6A* Allies     .$k@Olykiller     0   9  83  31  13  16   4   1   1   0  65  4958  3748  345  766    209   33.61  +0.02
F1175FB8* Allies     <=TM=>EBO!        0   9  83  28  13  15   2   2   0   0  65  4089  3509   80  400    183   31.01  +0.02
2AF1509A* Allies     Setas Infectada   0   9  85  24  10  15   3   0   1   0  61  4270  3534  140  111    181   25.89  +0.02
4E0CF722* Allies     plyh              0   9  81  28   5  20   1   1   1   0  58  4421  4000  244  173    181   24.29  +0.02
C5F7442D* Allies     U$A detdet        0   9  76  38  17  22  24   3   4   4  63  8404  3454  460  423    168   36.30  +0.04
9FCFC924* Allies     Cezloo            0   9  73  23  14  21   1   0   1   0  52  3930  3928  134  244    154   25.89  +0.02
55322CF2* Allies     Pekora            0   9  78  22  10  16   1   1   1   0  57  3246  3875   58  245    142   28.51  +0.02
ABA388D6* Allies     StiffBack         0   9  86  17  10  11   5   1   1   1  60  3069  2742  198  285    140   17.51  +0.02
BF52721D* Allies     ChkyzZzZzZ        0   9  88  10   5  15   4   0   0   1  40  1290  3505  148  243    116   12.19  +0.04
A8FFD410* Allies     USA Cunning Lin   0   9  82  29   6  15   5   2   4   5  65  4638  2451  522  270    114   17.28  +0.10
A54F2984* Allies     mAnik             0   9  85   6   5   8   2   0   0   0  42   871  2107  623   79    105    0.30  +0.40
4BEAD2CA* Allies     =SkiBum=          0   9  81   5   3  10   2   0   1   1  33   916  2289   81  172     93   12.29  +0.05
A540DCC0* Allies     Rafrey            0   9  85  19   1  14  14   0   2   2  57  2904  2047  355   68     90   19.12  +0.02
23E085B0* Allies     lolifant          0   6  76   7   2  12   3   0   0   0  36  1204  1842   54   54     87   23.55  +0.02
F19CB213* Allies     ////occe..        0   9  71  13   2  20   4   0   1   3  39  2989  2728  189  220     81   22.73  +0.02
C040F6CC* Allies     Ch0sen0ne         0   9  72  10   6  16   0   5   0   0  38  1794  2544    0   72     67   15.21  +0.02
93462642* Allies     h0us3s            0   9  78   6   3  22   3   0   1   0  21   499  3207  196  395     61    7.14  +0.16
5B3D391F* Allies     Paukku-Pate       0   8  72   8   8  14   7   0   0   0  36  1730  2424  142  228     55   13.87  +0.11
5215A92B* Allies     <=TM=>Je$$ica     0   9  78  10   7  17   3   3   3   2  37  2182  2287  527  183     51   11.04  +0.02
612EF30B* Allies     Rakun             0   2  84   3   2   4   3   0   1   0  42   390   834   78   36     38   12.58  +0.07
9855376D* Allies     hum!k             0   3  83   9   3   4   3   0   1   3  69  1483   706  139  145     38   18.55  +0.01
0FFBFC4D* Allies     PANTS!            0   8  70   6   3  19   2   1   1   0  24  1665  2608   73  418     35   11.91  +0.02
7D4D9774* Allies     <=TM=>Sammow      0   2  82   1   2   3   0   0   0   0  25   293   666  145   78     12   13.62  +0.01
AF031DBB* Allies     YumYums           0   4  22   1   0   1   1   0   0   0  50   357   252    0    0      4   25.07  +0.03
----------------------------------------------------------------------------------------------------------------------------
          Allies     Totals            0 204  78 354 150 330  97  20  25  22  51 61592 61287 4931 5308   2405

GUID      TEAM       Player          TmX TmL TmP Kll Ast Dth Gib  SK  TK  TG Eff    DG    DR  TDG  TDR  Score  Rating  Delta
----------------------------------------------------------------------------------------------------------------------------
D8137E2C* Spectators <=TM=>Flo         0   0   0   0   0   0   0   0   0   0   0     0     0    0    0      0   33.59  +0.00
64984634* Spectators Ulubatli67        0   0   0   0   0   0   0   0   0   0   0     0     0    0    0      0   15.06  +0.00
----------------------------------------------------------------------------------------------------------------------------
          Spectators Totals            0   0   0   0   0   0   0   0   0   0   0     0     0    0    0      0

Map bias: -8.3/+8.3 pct
Win prob: +11.3/+88.7 pct



Stats recorded: 20:52:16 (02 Oct 2025)


